
	APD:
Pojemnosc 5
1.476e-05
1.492e-05
2.34e-05
2.524e-05
3e-05
4.194e-05
4.982e-05
6.574e-05
8.19e-05
9.17e-05
0.00010152
Pojemnosc 7
1.836e-05
1.47e-05
2.276e-05
2.852e-05
2.726e-05
3.924e-05
4.312e-05
6.086e-05
8.21e-05
0.00015318
0.00010416
Pojemnosc 9
1.592e-05
1.592e-05
2.24e-05
2.35e-05
2.74e-05
3.82e-05
5.688e-05
6.416e-05
9.416e-05
0.00011698
0.00010944
Pojemnosc 11
2.022e-05
1.72e-05
2.558e-05
2.688e-05
3.95e-05
4.434e-05
5.442e-05
6.738e-05
8.992e-05
0.00010102
0.00013622
Pojemnosc 13
1.366e-05
1.51e-05
2.12e-05
2.408e-05
3.026e-05
5.214e-05
5.146e-05
7.002e-05
0.00011192
9.926e-05
0.00013794
Pojemnosc 15
1.636e-05
2.028e-05
3.198e-05
3.11e-05
3.368e-05
4.396e-05
5.652e-05
0.00013354
0.00010736
9.886e-05
0.00012122
Pojemnosc 17
1.368e-05
1.792e-05
2.722e-05
3.586e-05
3.932e-05
4.596e-05
7.096e-05
8.216e-05
0.00014462
0.0001453
0.00014206
Pojemnosc 19
1.802e-05
2.598e-05
2.544e-05
2.828e-05
3.972e-05
4.71e-05
6.284e-05
8.364e-05
0.00012246
0.00013092
0.00022112
Pojemnosc 21
1.864e-05
2.382e-05
4.008e-05
3.676e-05
3.598e-05
5.004e-05
6.428e-05
8.438e-05
0.00010676
0.00012142
0.00015738
Pojemnosc 23
1.69e-05
1.776e-05
3.082e-05
3.134e-05
3.962e-05
5.582e-05
7.164e-05
8.186e-05
0.0001066
0.00012754
0.00014832
Pojemnosc 25
1.818e-05
1.898e-05
4.436e-05
4.312e-05
4.812e-05
6.566e-05
7.128e-05
9.608e-05
0.00014796
0.00015906
0.00016356

	AZ:
Pojemnosc 5
1.88e-06
1.42e-06
3.075e-06
1.78e-06
1.34e-06
1.575e-06
1.68e-06
3.94e-06
2.38e-06
2.52e-06
2.525e-06
Pojemnosc 7
1.96e-06
1.48e-06
1.475e-06
1.44e-06
1.24e-06
1.5e-06
1.55e-06
1.7e-06
2.2e-06
2.3e-06
2.4e-06
Pojemnosc 9
2e-06
1.6e-06
1.9e-06
1.76667e-06
1.3e-06
1.5e-06
1.84e-06
1.96e-06
2.2e-06
2.475e-06
2.425e-06
Pojemnosc 11
1.96e-06
1.4e-06
1.775e-06
1.35e-06
1.275e-06
3.32e-06
1.73333e-06
1.66667e-06
4.3e-06
2.4e-06
2.6e-06
Pojemnosc 13
5.7e-06
1.5e-06
3.6e-06
6.3e-06
1.425e-06
1.625e-06
1.65e-06
1.98e-06
2.54e-06
4.58e-06
5.025e-06
Pojemnosc 15
2.04e-06
1.42e-06
1.52e-06
1.6e-06
1.76667e-06
1.6e-06
1.64e-06
4.22e-06
2.56667e-06
2.58e-06
2.5e-06
Pojemnosc 17
4.12e-06
1.475e-06
1.8e-06
6.875e-06
1.33333e-06
3.48e-06
2.15e-06
1.9e-06
6.06667e-06
2.7e-06
2.53333e-06
Pojemnosc 19
1.875e-06
3.52e-06
1.35e-06
1.575e-06
1.375e-06
1.525e-06
1.73333e-06
1.86667e-06
2.475e-06
2.65e-06
2.76e-06
Pojemnosc 21
4.025e-06
1.425e-06
1.6e-06
1.7e-06
1.425e-06
1.56667e-06
1.75e-06
2e-06
2.66e-06
5.96667e-06
2.88e-06
Pojemnosc 23
2.1e-06
1.54e-06
1.75e-06
1.45e-06
1.15e-06
1.7e-06
1.675e-06
2.2e-06
2.55e-06
2.56667e-06
2.75e-06
Pojemnosc 25
4.6e-06
1.46667e-06
6.45e-06
1.56667e-06
1.43333e-06
1.55e-06
1.96667e-06
1.95e-06
2.775e-06
2.63333e-06
2.86e-06

	AW:
Pojemnosc 5
3.16e-06
5.36e-06
2.438e-05
0.0001075
0.00041854
0.0017424
0.00736714
0.0311946
0.131487
0.553332
2.25932
Pojemnosc 7
1.32e-06
7.16e-06
2.238e-05
9.936e-05
0.00041262
0.00174712
0.00723968
0.0305544
0.128247
0.537112
2.24987
Pojemnosc 9
1.34e-06
6.88e-06
3.586e-05
9.666e-05
0.00041004
0.00181896
0.0077192
0.0312336
0.130002
0.538522
2.26483
Pojemnosc 11
1.34e-06
5.26e-06
2.65e-05
0.00012234
0.00040294
0.00172284
0.00718746
0.0306699
0.127823
0.535175
2.26528
Pojemnosc 13
1.3e-06
5.26e-06
2.204e-05
9.992e-05
0.00041104
0.00177136
0.00719236
0.031029
0.129764
0.545805
2.25042
Pojemnosc 15
1.34e-06
5.3e-06
2.646e-05
0.00010182
0.0004129
0.00176336
0.00736688
0.0306921
0.127999
0.536825
2.2506
Pojemnosc 17
1.36e-06
5.4e-06
2.408e-05
0.0001049
0.00041452
0.00175418
0.00719704
0.0307593
0.128401
0.540667
2.25065
Pojemnosc 19
1.38e-06
5.46e-06
2.482e-05
0.00010832
0.00040646
0.00173946
0.007231
0.0308022
0.128959
0.541538
2.26116
Pojemnosc 21
1.34e-06
5.28e-06
2.64e-05
0.00010388
0.00042412
0.00179032
0.00729174
0.0309358
0.12821
0.541363
2.26254
Pojemnosc 23
1.36e-06
5.38e-06
2.436e-05
0.00010248
0.00041494
0.00171822
0.00749908
0.0310049
0.129614
0.542083
2.26308
Pojemnosc 25
1.42e-06
5.4e-06
2.692e-05
0.0001081
0.00042272
0.00174714
0.00730986
0.0309736
0.12909
0.542259
2.26075
